14 0.557618 0.317692 0.039769 0.026243 0.726469
14 0.082410 0.294248 0.046980 0.028997 0.681370
14 0.230726 0.322379 0.045298 0.029192 0.609156
14 0.547161 0.289744 0.043279 0.022550 0.526401
14 0.643697 0.922819 0.047549 0.040707 0.487958
14 0.395088 0.198087 0.048462 0.024309 0.448047
14 0.737043 0.200267 0.022738 0.035487 0.404872
14 0.436760 0.912804 0.055664 0.023349 0.384896
14 0.435720 0.027778 0.042740 0.025042 0.338335
14 0.080839 0.593327 0.052549 0.030221 0.298818
14 0.063010 0.005948 0.034917 0.014121 0.284897