4 0.353163 0.658145 0.078063 0.165018 0.928191
4 0.488921 0.658853 0.080943 0.165610 0.926758
4 0.787741 0.659793 0.080995 0.168904 0.923081
4 0.652681 0.657977 0.078931 0.166011 0.922526
4 0.649437 0.105349 0.081992 0.165541 0.920589
4 0.116841 0.795953 0.081199 0.165256 0.919905
4 0.786217 0.103824 0.082189 0.163735 0.916229
4 0.786295 0.379088 0.082732 0.168028 0.915284
4 0.486336 0.108439 0.082334 0.169186 0.915261
4 0.786935 0.924806 0.081195 0.151228 0.914364
4 0.487291 0.925294 0.080480 0.152382 0.912706
4 0.164148 0.183314 0.076659 0.169719 0.909915
4 0.651991 0.923328 0.081670 0.150024 0.909913
4 0.488197 0.378957 0.082401 0.169990 0.908851
4 0.650465 0.379752 0.082537 0.163746 0.908751
4 0.352781 0.923386 0.077110 0.147224 0.906366
4 0.352055 0.104977 0.079182 0.160403 0.903365
4 0.353117 0.383204 0.077585 0.162430 0.888242
4 0.071059 0.182421 0.077200 0.177048 0.746762
0 0.014019 0.528889 0.030169 0.075947 0.264818