4 0.534949 0.742843 0.197969 0.175825 0.942491
4 0.411272 0.564680 0.172778 0.192378 0.941619
4 0.599695 0.653566 0.195180 0.173825 0.939359
4 0.665555 0.565742 0.193457 0.173587 0.937087
4 0.325083 0.503365 0.172565 0.192145 0.930448
10 0.732234 0.249926 0.025876 0.042051 0.870805
10 0.785793 0.127978 0.039937 0.027147 0.866776
10 0.144871 0.910843 0.036902 0.034181 0.863378
10 0.371853 0.948128 0.038908 0.034070 0.862403
10 0.655984 0.130090 0.035141 0.023986 0.860790
10 0.157329 0.895500 0.041987 0.036523 0.856408
10 0.767568 0.178661 0.038823 0.026180 0.854040
10 0.024801 0.912775 0.041035 0.037015 0.853845
10 0.656354 0.088641 0.039504 0.026117 0.847611
10 0.127606 0.927772 0.042341 0.037975 0.844082
10 0.556427 0.210835 0.037905 0.039708 0.844074
10 0.358185 0.966824 0.037574 0.034895 0.834017
10 0.783746 0.248177 0.041687 0.030414 0.833051
10 0.790207 0.110087 0.043892 0.029212 0.832516
10 0.012723 0.929057 0.039874 0.036893 0.832099
10 0.660473 0.069856 0.040486 0.026870 0.775463
10 0.584794 0.214688 0.043057 0.041986 0.772977
10 0.003156 0.948108 0.029183 0.028533 0.751038
10 0.252455 0.101797 0.047284 0.050887 0.707901
10 0.223427 0.081300 0.035585 0.027973 0.684389
10 0.071280 0.995355 0.024998 0.011326 0.675508
10 0.792240 0.945478 0.039585 0.044657 0.630366
10 0.276734 0.110808 0.047219 0.043741 0.586408
10 0.124906 0.773072 0.035425 0.032056 0.575953
10 0.395488 0.916830 0.038944 0.032441 0.469719
10 0.165027 0.030855 0.047592 0.033938 0.444950
9 0.158476 0.199282 0.050653 0.095094 0.390666
9 0.166035 0.031096 0.049238 0.034778 0.382561