4 0.555648 0.379259 0.179920 0.178820 0.948310
4 0.477072 0.307180 0.180561 0.180275 0.947185
13 0.396913 0.746698 0.488347 0.491234 0.945484
4 0.399519 0.232635 0.179924 0.180436 0.939216
4 0.631707 0.452894 0.179344 0.178829 0.936303
5 0.686283 0.580713 0.182751 0.184332 0.918767
10 0.710474 0.829501 0.037984 0.036927 0.850123
9 0.106180 0.791236 0.045197 0.043603 0.664762
10 0.074660 0.759212 0.044130 0.044444 0.648865
10 0.660733 0.059544 0.030855 0.030092 0.474773
10 0.097798 0.884181 0.044000 0.045934 0.465346
10 0.696079 0.845952 0.033935 0.032081 0.385713
10 0.563781 0.157196 0.035850 0.036292 0.357719
10 0.107143 0.792157 0.044792 0.043059 0.307788
10 0.146817 0.825773 0.041825 0.040471 0.291795
9 0.073851 0.758463 0.043643 0.044099 0.287266