10 0.785555 0.963177 0.046840 0.035046 0.838337
10 0.220984 0.347856 0.047031 0.033529 0.829269
14 0.364333 0.302784 0.059781 0.059334 0.827113
10 0.132676 0.474873 0.038759 0.030515 0.818490
10 0.306033 0.040814 0.042928 0.031862 0.816753
10 0.274199 0.226833 0.040970 0.031280 0.711170
10 0.175759 0.350337 0.048903 0.037590 0.699418
10 0.319072 0.074686 0.043034 0.031275 0.694869
10 0.170342 0.064495 0.041900 0.052662 0.675011
10 0.006366 0.613410 0.024553 0.021978 0.650896
10 0.892038 0.646690 0.043046 0.032141 0.596322
14 0.343904 0.378861 0.059977 0.060006 0.585254
10 0.038212 0.627242 0.040305 0.029341 0.549290
14 0.302995 0.443210 0.049886 0.049814 0.487262