0 0.322371 0.665136 0.151261 0.158288 0.934900
0 0.401856 0.440075 0.096356 0.105010 0.929090
0 0.612469 0.590806 0.092566 0.109064 0.928960
0 0.490199 0.260406 0.092039 0.102922 0.926844
0 0.360923 0.533515 0.097094 0.112110 0.922346
0 0.700588 0.411615 0.094752 0.100698 0.917098
0 0.143158 0.227462 0.072645 0.091188 0.906452
0 0.305817 0.030784 0.070880 0.063359 0.891219
9 0.120921 0.454868 0.047246 0.069976 0.819046
9 0.050256 0.614702 0.050018 0.066834 0.775304
10 0.087101 0.180110 0.031807 0.042296 0.654344
10 0.007067 0.442222 0.027078 0.035530 0.606391