7 0.343209 0.625018 0.042587 0.064735 0.821219
7 0.181351 0.700858 0.041419 0.069371 0.814421
7 0.233570 0.684029 0.046657 0.075800 0.812825
7 0.287872 0.657003 0.042195 0.076538 0.803763
7 0.617629 0.520372 0.048060 0.085608 0.801861
7 0.073161 0.756757 0.038939 0.066617 0.800304
7 0.123159 0.724397 0.038014 0.057494 0.796435
7 0.451675 0.584090 0.037442 0.063017 0.789969
7 0.390898 0.607236 0.039983 0.062670 0.786095
7 0.018603 0.782610 0.037557 0.055892 0.774241
7 0.560303 0.552135 0.056953 0.084725 0.761064
7 0.882226 0.253536 0.090796 0.233761 0.656269
7 0.675352 0.495451 0.045822 0.086668 0.654322
7 0.833346 0.300237 0.081023 0.200151 0.644073
7 0.718072 0.431922 0.070486 0.127911 0.606531
7 0.973914 0.179602 0.088208 0.216773 0.575886
7 0.943633 0.251110 0.101508 0.276904 0.569595
7 0.785840 0.337933 0.078912 0.198440 0.566484
7 0.991085 0.064450 0.028621 0.028601 0.381399