2 0.982071 0.909379 0.018342 0.018495 0.886586
2 0.987679 0.883645 0.021842 0.021996 0.883545
2 0.136869 0.628004 0.011974 0.012473 0.859589
2 0.321395 0.634241 0.018429 0.018736 0.854347
2 0.992825 0.857787 0.019529 0.022480 0.843544
2 0.018946 0.866301 0.017916 0.017916 0.842902
1 0.752209 0.150921 0.061779 0.032253 0.809055
2 0.995653 0.941350 0.014625 0.022896 0.802754
2 0.148013 0.629642 0.012063 0.012744 0.797737
2 0.046756 0.874559 0.022882 0.023740 0.772422
2 0.075160 0.880119 0.026453 0.026158 0.759562
2 0.127153 0.625609 0.011156 0.011640 0.740886
2 0.616862 0.680958 0.009608 0.009658 0.655145
2 0.103713 0.887866 0.022212 0.022718 0.645563
2 0.117430 0.623338 0.010602 0.011472 0.634432
1 0.880054 0.385935 0.060935 0.025304 0.621383
2 0.629547 0.683423 0.011189 0.011137 0.620298
2 0.612990 0.697835 0.008981 0.008540 0.587305
3 0.929586 0.748395 0.027619 0.026461 0.538612
2 0.615021 0.689289 0.009160 0.008509 0.526663
2 0.977903 0.934731 0.020186 0.020960 0.492166
2 0.620147 0.672406 0.011340 0.010131 0.443126
3 0.939612 0.768345 0.027948 0.026506 0.383681
2 0.029699 0.558535 0.008134 0.008505 0.279194
1 0.993368 0.434888 0.015532 0.028080 0.275173
2 0.032817 0.544026 0.006843 0.007038 0.272727