12 0.523627 0.536987 0.050694 0.050244 0.946280
13 0.586305 0.160968 0.127002 0.151819 0.927247
6 0.586982 0.159367 0.185255 0.244137 0.905021
8 0.728436 0.914169 0.133162 0.058109 0.870221
8 0.361684 0.303067 0.033951 0.029482 0.857591
8 0.421255 0.051821 0.032192 0.028064 0.847272
8 0.427173 0.717775 0.033604 0.048667 0.842717
8 0.301809 0.446103 0.031924 0.033677 0.836314
8 0.472536 0.736052 0.030546 0.045266 0.820906
8 0.067345 0.852026 0.033678 0.031352 0.807081
8 0.946186 0.020269 0.025930 0.021637 0.749728
8 0.025880 0.965840 0.062420 0.072150 0.623217
6 0.634762 0.017075 0.101624 0.034782 0.292958