9 0.755674 0.743178 0.052983 0.057266 0.872919
9 0.724172 0.118018 0.046984 0.099237 0.866544
9 0.585568 0.880322 0.065073 0.056796 0.865257
9 0.509006 0.309632 0.043456 0.088792 0.862290
9 0.770882 0.071143 0.047626 0.097283 0.860037
9 0.794007 0.786286 0.050386 0.055509 0.858981
10 0.103221 0.627393 0.037461 0.037238 0.857908
10 0.922973 0.586947 0.033176 0.033147 0.856175
9 0.304849 0.038910 0.098987 0.056161 0.855590
10 0.870373 0.628425 0.040482 0.042011 0.855328
10 0.838262 0.564580 0.033633 0.035651 0.855208
9 0.611402 0.708168 0.058679 0.064996 0.854443
10 0.854638 0.642590 0.040011 0.040777 0.854398
9 0.539425 0.828762 0.056521 0.053004 0.851819
10 0.822326 0.669358 0.038537 0.040062 0.850797
9 0.520031 0.780399 0.053800 0.059709 0.849752
10 0.892318 0.677124 0.038166 0.041263 0.849361
9 0.605837 0.228330 0.047308 0.099525 0.846474
9 0.557572 0.841726 0.063254 0.053742 0.846097
9 0.629211 0.207083 0.046669 0.099600 0.846002
10 0.853482 0.552385 0.033438 0.035751 0.845973
10 0.861689 0.700238 0.036342 0.039599 0.843096
9 0.559931 0.274708 0.049361 0.103064 0.842749
9 0.675537 0.159085 0.045963 0.099336 0.841689
10 0.887322 0.531763 0.030264 0.033353 0.841665
10 0.873093 0.835392 0.035680 0.037339 0.841654
9 0.533689 0.292440 0.045199 0.093855 0.840847
9 0.610152 0.767635 0.055836 0.059713 0.840706
10 0.888578 0.610012 0.037814 0.038017 0.838676
9 0.568339 0.860798 0.052320 0.046087 0.838480
9 0.582254 0.248021 0.047334 0.101612 0.836100
9 0.795103 0.053533 0.049757 0.106041 0.835603
9 0.538845 0.771807 0.054987 0.059861 0.832999
9 0.418782 0.176976 0.085735 0.087487 0.830836
10 0.905169 0.596246 0.031244 0.031860 0.829373
10 0.824063 0.821089 0.034246 0.034510 0.826877
10 0.794014 0.604329 0.034340 0.036201 0.820786
9 0.439086 0.195100 0.087165 0.087455 0.816223
9 0.643984 0.748955 0.054026 0.057832 0.811450
10 0.680516 0.683483 0.040246 0.041976 0.808249
9 0.608079 0.892481 0.048529 0.042018 0.806195
9 0.007746 0.808923 0.055800 0.078875 0.805472
9 0.849169 0.035310 0.041874 0.079941 0.803937
10 0.814484 0.724942 0.037713 0.040517 0.802411
9 0.623013 0.753352 0.044387 0.047634 0.796353
9 0.026536 0.568230 0.074338 0.060679 0.791304
9 0.700121 0.137753 0.047676 0.096976 0.783674
9 0.505844 0.795393 0.048913 0.051194 0.777606
9 0.553059 0.758410 0.047285 0.049368 0.777429
10 0.101853 0.737704 0.039132 0.039109 0.756200
10 0.877273 0.688736 0.038545 0.043505 0.754255
10 0.758990 0.804106 0.037468 0.037697 0.746953
10 0.872366 0.544171 0.030794 0.032706 0.746904
10 0.898786 0.516890 0.031922 0.033792 0.744988
9 0.591841 0.719058 0.042803 0.046598 0.731308
10 0.582303 0.767150 0.034780 0.036971 0.721365
9 0.937331 0.952574 0.041559 0.045784 0.684288
10 0.661948 0.738351 0.035103 0.038877 0.682301
9 0.366677 0.009484 0.061628 0.018606 0.632267
10 0.874088 0.798836 0.033786 0.036950 0.609394
10 0.900878 0.491363 0.031968 0.034469 0.597513
10 0.824685 0.577944 0.032091 0.033237 0.593140
9 0.004646 0.764889 0.009671 0.024026 0.572825
10 0.807714 0.682418 0.041079 0.042232 0.569500
10 0.853708 0.853866 0.049345 0.051696 0.550341
10 0.560227 0.738422 0.033806 0.035931 0.479836
10 0.809887 0.589327 0.034469 0.034896 0.462810
10 0.733152 0.775407 0.036979 0.039204 0.450497
10 0.581794 0.792030 0.034985 0.038135 0.447397
10 0.577149 0.728767 0.034078 0.037053 0.339762
10 0.772616 0.836507 0.037336 0.033239 0.294301
9 0.502760 0.817493 0.045055 0.045995 0.272770
9 0.416773 0.003741 0.015830 0.006836 0.253974