9 0.542525 0.911546 0.082444 0.088542 0.864864
9 0.835414 0.406892 0.145653 0.097954 0.864295
9 0.677674 0.303589 0.143471 0.092323 0.863340
9 0.487096 0.178057 0.140333 0.090953 0.860301
9 0.740124 0.344170 0.145611 0.092994 0.857823
9 0.898023 0.449263 0.143710 0.091979 0.855956
9 0.502235 0.949002 0.080408 0.082759 0.853881
9 0.551087 0.220249 0.143196 0.091936 0.851552
9 0.562668 0.886585 0.083466 0.085934 0.851273
9 0.804551 0.386918 0.141367 0.092588 0.849276
9 0.966281 0.525337 0.090021 0.064715 0.848914
9 0.263731 0.035150 0.141417 0.092056 0.848273
9 0.948712 0.493427 0.118430 0.079888 0.845361
9 0.480207 0.972487 0.079209 0.083855 0.844983
9 0.586737 0.866898 0.082415 0.085681 0.844854
9 0.679271 0.528540 0.132859 0.099042 0.843233
9 0.708178 0.324853 0.141643 0.088686 0.842419
9 0.447880 0.981139 0.064115 0.066288 0.840356
9 0.607748 0.847681 0.082637 0.087107 0.840347
9 0.393874 0.115782 0.139729 0.087630 0.837292
9 0.455176 0.158928 0.139754 0.090594 0.836867
9 0.132730 0.051799 0.138863 0.100426 0.836697
9 0.338110 0.457603 0.093676 0.080001 0.835655
9 0.522811 0.929455 0.078102 0.084846 0.835437
9 0.643137 0.284006 0.142569 0.092757 0.835265
9 0.419562 0.139238 0.138973 0.090331 0.835062
10 0.126177 0.971333 0.035193 0.034803 0.828406
10 0.748371 0.089934 0.046313 0.038319 0.826496
9 0.416750 0.989081 0.047688 0.048391 0.826287
9 0.221325 0.019437 0.115175 0.076790 0.815695
9 0.495257 0.287928 0.134049 0.098566 0.793532
10 0.929867 0.837821 0.035416 0.023212 0.771660
10 0.862020 0.874184 0.039441 0.031880 0.767886
9 0.390191 0.994665 0.020752 0.012921 0.606335
9 0.396776 0.954198 0.125130 0.116130 0.595137
9 0.361248 0.447553 0.047766 0.042281 0.392940
2 0.756685 0.989522 0.025458 0.024049 0.316659
2 0.810864 0.988326 0.033400 0.030961 0.316260