4 0.203646 0.386591 0.058250 0.094792 0.936441
4 0.518734 0.452060 0.057222 0.094542 0.935849
4 0.415445 0.430973 0.063697 0.097183 0.934031
4 0.255827 0.398020 0.058069 0.095564 0.933370
4 0.321389 0.411567 0.062968 0.098001 0.933314
4 0.573517 0.463563 0.059867 0.095187 0.932464
4 0.519001 0.283512 0.060349 0.095810 0.929731
4 0.150638 0.374658 0.060767 0.097679 0.928641
4 0.318565 0.241284 0.061237 0.097036 0.926354
4 0.436750 0.265727 0.062372 0.098408 0.919832
4 0.573004 0.294452 0.059687 0.097593 0.918401
4 0.383145 0.255120 0.058261 0.096091 0.916856
10 0.101816 0.174415 0.024063 0.017780 0.815024
10 0.116372 0.144416 0.023337 0.017631 0.792130
10 0.120270 0.133946 0.022535 0.016597 0.784786
10 0.124815 0.123318 0.023723 0.016872 0.758042
10 0.111559 0.154246 0.022073 0.016554 0.738605
10 0.129076 0.111982 0.022868 0.015831 0.678944
10 0.096856 0.134615 0.021010 0.016130 0.588433
10 0.109292 0.103533 0.019995 0.014635 0.563824
10 0.213835 0.231817 0.021917 0.016357 0.416703
10 0.163044 0.234009 0.023159 0.016264 0.402925
10 0.210744 0.241856 0.022055 0.015329 0.396738
10 0.219732 0.220650 0.021388 0.014985 0.383673
10 0.113140 0.094007 0.019591 0.014418 0.351820
10 0.145822 0.215478 0.021512 0.015658 0.341847
10 0.172388 0.212474 0.020774 0.015760 0.324164
10 0.073747 0.055827 0.024057 0.016588 0.305820
10 0.071023 0.066726 0.021220 0.015345 0.284093