0 0.648683 0.386517 0.119341 0.091601 0.911740
0 0.838617 0.229282 0.045087 0.035414 0.903217
0 0.233500 0.144200 0.046573 0.039421 0.902997
0 0.278483 0.150852 0.040034 0.034303 0.901983
0 0.925140 0.241428 0.045581 0.037323 0.900351
0 0.129253 0.098484 0.044846 0.032642 0.898996
0 0.189947 0.134636 0.043352 0.035243 0.898274
0 0.103602 0.121923 0.045617 0.036548 0.897298
0 0.966583 0.402766 0.035285 0.045828 0.895127
0 0.215838 0.114216 0.044354 0.033438 0.894332
0 0.751714 0.220419 0.045486 0.039365 0.894162
0 0.196662 0.238275 0.043734 0.033567 0.894022
0 0.259000 0.121774 0.045756 0.036541 0.892891
0 0.290505 0.253706 0.048486 0.035203 0.892546
0 0.706555 0.211906 0.046905 0.040530 0.891569
0 0.242758 0.247486 0.047057 0.037164 0.890423
0 0.019961 0.108371 0.042271 0.033651 0.889819
0 0.881992 0.234777 0.046328 0.036406 0.889493
0 0.777021 0.196869 0.045540 0.035328 0.889485
0 0.301255 0.128705 0.044884 0.034902 0.886641
0 0.322284 0.153361 0.038908 0.033285 0.886012
0 0.688980 0.181819 0.046412 0.033832 0.881244
0 0.949803 0.225776 0.035318 0.030936 0.880544
0 0.925791 0.410862 0.030101 0.044439 0.877921
0 0.862983 0.211519 0.041702 0.031268 0.876792
0 0.966926 0.253136 0.043456 0.033706 0.874419
0 0.015270 0.212585 0.037525 0.031259 0.873872
0 0.974236 0.358199 0.031372 0.043171 0.871172
0 0.799270 0.930781 0.050480 0.047033 0.827324
0 0.987887 0.227351 0.028050 0.031348 0.790130
10 0.286810 0.720796 0.012410 0.021872 0.503283
0 0.004359 0.074685 0.011518 0.019746 0.400261
0 0.995588 0.253338 0.014828 0.023918 0.397758
10 0.400624 0.591662 0.011823 0.019051 0.381252
10 0.365836 0.590070 0.011251 0.019343 0.279898