2 0.277511 0.065036 0.064481 0.063626 0.937694
13 0.260533 0.743476 0.125507 0.199310 0.895517
4 0.627790 0.304708 0.020975 0.040479 0.888860
4 0.603550 0.241093 0.020563 0.040817 0.888135
4 0.631191 0.242245 0.021827 0.041846 0.876907
4 0.599512 0.304584 0.021535 0.042209 0.871506
4 0.661489 0.282894 0.020917 0.041278 0.865031
6 0.262834 0.735869 0.199724 0.331464 0.852944
4 0.688243 0.283957 0.020005 0.039078 0.842308
3 0.532699 0.289554 0.056831 0.060507 0.833429
3 0.324963 0.169357 0.078118 0.078018 0.647263
10 0.043668 0.111915 0.009597 0.007418 0.278625