4 0.291239 0.284318 0.067053 0.108635 0.932432
4 0.513215 0.240343 0.067622 0.109703 0.927975
4 0.449437 0.253174 0.066732 0.108431 0.926813
4 0.365565 0.269807 0.067059 0.108838 0.924488
4 0.606740 0.377558 0.068201 0.110585 0.924087
4 0.321088 0.433671 0.067605 0.109199 0.923306
4 0.479882 0.402461 0.068695 0.109271 0.921273
4 0.543765 0.390635 0.067705 0.110067 0.915809
4 0.492657 0.074761 0.068861 0.109262 0.914952
4 0.395777 0.419559 0.066240 0.107711 0.912922
4 0.564011 0.060355 0.065042 0.108207 0.911931
4 0.700956 0.030167 0.062545 0.083544 0.889442
4 0.968023 0.036078 0.066197 0.089109 0.885307
4 0.837113 0.017214 0.059773 0.056326 0.881814
4 0.765929 0.025088 0.061665 0.068712 0.858689
13 0.812164 0.739210 0.385270 0.491392 0.674106
6 0.285337 0.904773 0.412296 0.200458 0.393327