10 0.262086 0.178496 0.042264 0.037890 0.864086
10 0.192196 0.479427 0.041798 0.037355 0.859989
10 0.175761 0.506931 0.044606 0.037241 0.859127
10 0.254871 0.395284 0.040185 0.036086 0.852800
10 0.351492 0.222071 0.036956 0.041782 0.852033
10 0.086942 0.423556 0.038181 0.032452 0.851694
10 0.292616 0.335180 0.039679 0.035434 0.851063
10 0.206178 0.464614 0.043033 0.038775 0.850407
10 0.244291 0.343237 0.037831 0.033072 0.850157
10 0.276534 0.365976 0.041490 0.036640 0.849756
10 0.250149 0.196866 0.042645 0.038313 0.849137
10 0.108432 0.395881 0.039916 0.036129 0.848737
10 0.271473 0.298381 0.041365 0.035707 0.848591
10 0.209408 0.251275 0.042220 0.037685 0.845748
10 0.137477 0.352343 0.035782 0.030908 0.844448
10 0.128041 0.365623 0.036873 0.032827 0.843802
10 0.153487 0.472054 0.044707 0.039064 0.842423
10 0.240219 0.405700 0.035459 0.031968 0.840285
10 0.210142 0.383426 0.043674 0.040598 0.840273
10 0.255474 0.328180 0.044175 0.038108 0.840164
10 0.345463 0.669866 0.037035 0.032651 0.838749
10 0.172689 0.442906 0.041366 0.037125 0.836092
10 0.335212 0.210197 0.038048 0.044944 0.827165
10 0.150224 0.336677 0.040616 0.035400 0.825235
10 0.178859 0.294306 0.032893 0.030101 0.825073
10 0.407815 0.268159 0.033582 0.035393 0.809059
10 0.224075 0.369784 0.042437 0.038772 0.802374
10 0.292561 0.480105 0.043061 0.036947 0.687856
10 0.077490 0.438306 0.044060 0.037431 0.667420
10 0.279922 0.493109 0.049424 0.042737 0.574910
10 0.246429 0.542740 0.036631 0.034153 0.574418
10 0.302626 0.466181 0.042879 0.037316 0.564607
10 0.257931 0.524932 0.043398 0.039925 0.456370
10 0.312884 0.450723 0.042469 0.037503 0.454407